A and b-------------------------
2.0	-1.0	3.0	  	1.0
4.0	2.0	1.0	  	2.0
-6.0	-1.0	2.0	  	3.0
P-----------------------------
0.0	1.0	0.0	
1.0	0.0	0.0	
0.0	0.0	1.0	
L-----------------------------
1.0	0.0	0.0	
0.5	1.0	0.0	
-1.5	-1.0	1.0	

U-----------------------------
4.0	2.0	1.0	
0.0	-2.0	2.5	
0.0	0.0	6.0	

X-----------------------------
-0.375
1.25
1.0

Inverse-----------------------------
0.10416666666666669	-0.020833333333333315	-0.14583333333333331	
-0.2916666666666667	0.4583333333333333	0.20833333333333331	
0.16666666666666666	0.16666666666666666	0.16666666666666666	
