A and b-------------------------
1.0	4.0	2.0	3.0	  	1.0
1.0	2.0	1.0	0.0	  	2.0
2.0	6.0	3.0	1.0	  	3.0
0.0	0.0	1.0	4.0	  	4.0
P-----------------------------
0.0	1.0	0.0	0.0	
1.0	0.0	0.0	0.0	
0.0	0.0	0.0	1.0	
0.0	0.0	1.0	0.0	
L-----------------------------
1.0	0.0	0.0	0.0	
1.0	1.0	0.0	0.0	
0.0	0.0	1.0	0.0	
2.0	1.0	0.0	1.0	

U-----------------------------
1.0	2.0	1.0	0.0	
0.0	2.0	1.0	3.0	
0.0	0.0	1.0	4.0	
0.0	0.0	0.0	-2.0	

X-----------------------------
3.0
-2.5
4.0
-0.0

Inverse-----------------------------
3.5	0.5	0.0	-1.5	
-0.25	0.75	-0.5	-0.25	
-2.0	-2.0	1.0	2.0	
0.5	0.5	-0.0	-0.5	
